hash,file,bundle,offset,size
923e74e031c6e7f2,flameblastexplode.amd,Tiny.V1,3670144,94
7b2b31d1bd697d37,flameblastexplode.ast,Tiny.VC,7592059,1118
