hash,file,bundle,offset,size
80ef873e84722c64,spearfade.epk,Tiny_D,178525642,510
da1473e95ae0449d,spearfade_epk_pass0.mat,Tiny_D,178526152,2234
