hash,file,bundle,offset,size
67ffb42240012537,_arena1.dgr,Tiny_11,76384066,498
