hash,file,bundle,offset,size
9bc12ccce03b1cef,icefeet.ao,Tiny.VB.1,60828456,346
df2ff28056068fcc,icefeet.aoc,Tiny.V8.1,60706986,1158
