hash,file,bundle,offset,size
d888e7dcfdacbeaf,portalidle_mid.pet,Tiny.V9.1,62742865,59824
b8c68c34810df078,portalclose_mid.pet,Tiny.VE.1,59899222,96990
875bd8cf33aedbb9,portalopen_mid.pet,Tiny.V7.1,55249310,103526
