hash,file,bundle,offset,size
bf6b2873d14345b6,once_fwdline.pet,Tiny.V0.1,193324122,21970
efb9daff58ad5441,once_cyl.pet,Tiny.VA.1,193315911,9646
e0f7413b38476c35,once_circle.pet,Tiny.VF.1,189903322,2738
