hash,file,bundle,offset,size
03c73f9ea0d926f4,lightning_strike.ao,Tiny.V2.1,45706434,3078
7e073b5eb52e0203,valk_spear.ao,Tiny.VE.1,44751404,5714
bebb251b5163c6a9,valk_hit_03.ao,Tiny.V0.1,44149446,3096
af786d68361cf472,valk_hit_02.ao,Tiny.V9.1,48212282,3096
33698b57948c3dc9,valk_hit_01.ao,Tiny.VC.1,45240771,3132
