hash,file,bundle,offset,size
7fac7387d5d67ce0,whitelacqueredbodyint.ao,Tiny_D,440524360,1190
ee92e7584abc4dea,whitelacqueredbodystr.ao,Tiny_D,440525550,1224
5bb9493915bfffa2,whitelacqueredbodystrint.ao,Tiny_D,440529286,1330
965ca51d5c5f07d0,whitelacqueredbodystrdex.ao,Tiny_D,440526774,1200
92f075df7a0c781f,whitelacqueredbodystrdexint.ao,Tiny_D,440527974,1312
9b9b031c4de37d3d,whitelacqueredbodydex.ao,Tiny_D,440522036,1200
470e7f62c1f1249b,whitelacqueredbodydexint.ao,Tiny_D,440523236,1124
