hash,file,bundle,offset,size
3383237e0cc2e689,summonally.ot,Tiny.V8.1,145206632,964
f70b04b8b16952f6,summonally.otc,Tiny.VF.1,149128903,1840
79539fd9d41dc36e,keypedestal_landmarkvault1.ot,Tiny.V8.1,145205650,982
16d1ced490839155,keypedestal_landmarkvault1.otc,Tiny.VA.1,147061827,278
206b510e7d63ddb5,keypedestal_landmarkvault2.ot,Tiny.V4.1,149053060,982
2ef6a8c2d4ce81ad,keypedestal_landmarkvault2.otc,Tiny.VC.1,150756677,278
afc09741775dc58a,vaalkeygem.ot,Tiny.V1.1,147983737,418
04917af11658c706,vaalkeygem.otc,Tiny.V8.1,145207596,264
0fd76e6592e55b34,vaalvault_chest.ot,Tiny.V7.1,146872390,360
ac4a7b6fa424577f,vaalvault_chest.otc,Tiny.VE,47610090,200
3625ddb10496feca,vaaltabletbook04.ao,Tiny.V3.1,7418506,80
3405225e7eac1319,vaaltabletbook04.aoc,Tiny.VC.1,150756955,290
b4cebc512917b628,vaaltabletbook01.ao,Tiny.V3.1,7418506,80
ba9421499066a9cf,vaaltabletbook01.aoc,Tiny.VB.1,147268886,290
fa6882d0da63c57d,vaaltabletbook03.ao,Tiny.V3.1,7418506,80
9903d23fba72272a,vaaltabletbook03.aoc,Tiny.V9.1,144360350,290
2a8e167aec7d0925,vaaltabletbook02.ao,Tiny.V3.1,7418506,80
3ade8a49c6ae2a07,vaaltabletbook02.aoc,Tiny.V4.1,149054042,290
