hash,file,bundle,offset,size
757cbe31cadfc21a,start.pet,Tiny.VF.1,4342816,18004
41f4a746d52b4cbd,root.pet,Tiny.VE.1,4828198,17622
fc969d1cb4e75518,activate_altar.pet,Tiny.VA.1,5269657,47944
c37c4febb3fcc47c,activate.pet,Tiny.V2.1,4222300,52942
