hash,file,bundle,offset,size
09e07441220a4a8d,blood.pet,Tiny.V0.1,190222826,10342
9bd485e236409282,veins_trl.trl,Tiny.VA.1,190693750,5582
76cf368dd1258f41,chestfx_b.pet,Tiny.VB.1,189438911,2296
512a0785b967b928,chest_smoke.pet,Tiny.VD.1,190406297,10738
