hash,file,bundle,offset,size
a08dbfa3a4e289d9,heiststrengthdoor_02_c3r1.tgm,Tiny_5,57482150,547
f8449cce8b3bc7ed,heiststrengthdoor_02_c3r1.tgm.header,Tiny_5,57482697,264
5bde167ef00eea6c,heiststrengthdoor_02_c2r1.tgm,Art/Models/Terrain/Leagues/Heist/Doors_Courts_1,925646,310563
4e2a13c6cdb5b874,heiststrengthdoor_02_c2r1.tgm.header,Tiny_5,57481316,834
5fa414687f5a1f0f,heiststrengthdoor_02_c1r1.tgm,Tiny_5,57480613,439
4ac6cedd74eb1cec,heiststrengthdoor_02_c1r1.tgm.header,Tiny_5,57481052,264
