hash,file,bundle,offset,size
cd6c92c486e5c19d,bigpipe.ao,Tiny.V4.1,197914847,616
5da3e701de8d35b7,longpipe.ao,Tiny.V5.1,195705658,372
