hash,file,bundle,offset,size
6642906c948d2aee,tornadoarrow_optimized.ao,Tiny.V5.1,121627796,326
6b04dd47ee1dcd51,tornadoarrow_optimized.aoc,Tiny.V3.1,123027996,3392
c106b248806f0f8c,trailtornado_nosound.ao,Tiny.V6.1,122196502,336
8ca9a8d2f75f443a,trailtornado_nosound.aoc,Tiny.V1.1,120707778,1002
384c6bbd8df90c01,trailtornado.ao,Tiny.V6.1,122196502,336
fbb615bd3ba98e70,trailtornado.aoc,Tiny.V1.1,120706086,1692
edf222fda2e4cd15,trail_tornado.epk,Tiny.VB.1,121088414,150
d535936e78d3518d,trail_tornado_nosound.epk,Tiny.VC.1,125680956,166
