hash,file,bundle,offset,size
33a5d0c5c0a6f6c6,line.pet,Tiny.V8.1,79658960,10594
9accec641317e96f,wind_flares.trl,Tiny.V9.1,81344822,2554
