hash,file,bundle,offset,size
d525a8159fe00fd0,projectile.ao,Tiny.V3.1,115147845,4820
844e625199f60759,kiwethmortarimpact.ao,Tiny.V4.1,115620916,2568
46e5d91a1f071948,kiwethmortar.ao,Tiny.VB.1,116474853,2952
