hash,file,bundle,offset,size
3c027e3c98a9cd0b,snowcrystals_r.mat,Tiny.V3.1,170817555,36366
d4738c92b85d708f,snowcrystals_u.mat,Tiny.V9.1,169436195,11312
794685500d6333a6,smoketrail_u.mat,Tiny.V9.1,53043545,17158
87a06ba4c8ee79b0,smoketrail_wind_03_r.mat,Tiny.V4.1,168641944,22868
a26e7d6823cf7b8d,smoketrail_wind_01_r.mat,Tiny.VF.1,166527454,22872
42c5103a67f26922,smoketrail_wind_04_r.mat,Tiny.V4.1,168641944,22868
8a572b09c01d463a,smoketrail_wind_02_r.mat,Tiny.VB.1,167424117,22870
0d04db7fe3c04c38,smoketrail_light_03_r.mat,Tiny.V9.1,169413569,22626
e379013490726cb9,smoketrail_light_01_r.mat,Tiny.V9.1,169413569,22626
539a40e8af8a330e,smoketrail_light_04_r.mat,Tiny.V9.1,169413569,22626
217aa1faf67e4cab,smoketrail_light_02_r.mat,Tiny.V9.1,169413569,22626
fa0f3ae5ba4d5b1f,smoketrail_cold_04_r.mat,Tiny.VB.1,167401491,22626
ccdb3b0c9d3ff32f,smoketrail_cold_03_r.mat,Tiny.VB.1,167401491,22626
0ab4ef6173574ca0,smoketrail_cold_02_r.mat,Tiny.V7.1,165504352,22628
96a4e2df0fc27e67,smoketrail_cold_01_r.mat,Tiny.V6.1,167247081,22630
a44f76fabb807dec,slicewind_u.mat,Tiny.V1.1,166885318,6226
f4e6d63f0cf6ef69,slicewind_wind_03_r.mat,Tiny.VF.1,166472908,54546
1f6a84b248a46032,slicewind_wind_01_r.mat,Tiny.V2.1,169112798,54548
dd59786185b028b3,slicewind_wind_04_r.mat,Tiny.V0.1,167715852,55382
5a5f41bd800f3830,slicewind_wind_02_r.mat,Tiny.V9.1,169359023,54546
a62e0c61e50c1aa3,slicewind_light_03_r.mat,Tiny.VE.1,165373262,54570
f5fa0ecdadb55d19,slicewind_light_01_r.mat,Tiny.V9.1,169304451,54572
18c918515db6ed20,slicewind_light_04_r.mat,Tiny.V5.1,168084446,54570
343250216a7a4440,slicewind_light_02_r.mat,Tiny.V5.1,168029876,54570
8b47b5bb0adecd45,slicewind_fire_01_r.mat,Tiny.V7.1,165447162,57190
c6cd722e1cee3a20,slicewind_fire_04_r.mat,Tiny.V4.1,168584782,57162
854a82b7b70b11ec,slicewind_fire_02_r.mat,Tiny.V7.1,165447162,57190
ba0729ab40bf9277,slicewind_fire_03_r.mat,Tiny.V7.1,165447162,57190
ed75c8a216b4ca0e,slicewind_cold_04_r.mat,Tiny.VD.1,168064176,54540
f739af01a784c35a,slicewind_cold_03_r.mat,Tiny.V7.1,165392622,54540
29c7e5972f56fe79,slicewind_cold_02_r.mat,Tiny.V4.1,168530242,54540
03e557d325728007,slicewind_cold_01_r.mat,Tiny.V9.1,169249909,54542
1f9fe7dbb713a6c8,swilrsmoke_u.mat,Tiny.V9.1,53060703,2318
afb1b8c38fc9ac0c,swilrsmoke_light_03_r.mat,Tiny.V3.1,170853921,36838
52734c53646d38c1,swilrsmoke_light_01_r.mat,Tiny.V3.1,170853921,36838
ee5886fa77380159,swilrsmoke_light_04_r.mat,Tiny.V3.1,170853921,36838
416217533f2e0543,swilrsmoke_light_02_r.mat,Tiny.V3.1,170853921,36838
73ba92ef94f1b1ee,swilrsmoke_wind_01_r.mat,Tiny.V0.1,167771234,35128
565cff35e17fe20f,swilrsmoke_wind_04_r.mat,Tiny.V0.1,167771234,35128
b703ddf491bc2ec3,swilrsmoke_wind_02_r.mat,Tiny.V0.1,167771234,35128
52c06738fe85b350,swilrsmoke_wind_03_r.mat,Tiny.V0.1,167771234,35128
a5ad8df438cc2127,swilrsmoke_cold_04_r.mat,Tiny.V7.1,165526980,33282
df0338019c855c5f,swilrsmoke_cold_03_r.mat,Tiny.V7.1,165526980,33282
6b38a60f1354eb69,swilrsmoke_cold_02_r.mat,Tiny.V7.1,165526980,33282
e07bc5d7546a66b0,swilrsmoke_cold_01_r.mat,Tiny.V7.1,165526980,33282
86e0a20f3bc079ea,tornadolightning_r.mat,Tiny.V9.1,169447507,29408
11d2962742ac2aee,tornadolightning_u.mat,Tiny.VD.1,5322818,346
41157cd783b14474,tornadostrings_fire_r.mat,Tiny.VB.1,48897945,39168
28d44fd5a74daa2b,tornadostrings_fire_u.mat,Tiny.VD.1,168195180,46302
ff313931ac6769dc,tornadoflames_r.mat,Tiny.V3.1,170890759,49624
88834bb97c9385c6,tornadoflames_u.mat,Tiny.V0.1,167938212,5728
099c1fe0cf006c36,tornadoblades_r2.mat,Tiny.V0.1,167806362,52970
193e4202244d29b1,tornadoblades_u.mat,Tiny.VF.1,166636204,6992
e9979cfe51f9de21,tornadoblades_wind_03_r1.mat,Tiny.VF.1,166643196,78388
a9fc6a166699d0e9,tornadoblades_wind_01_r1.mat,Tiny.V1.1,166891544,79750
33de0e667338799a,tornadoblades_wind_04_r1.mat,Tiny.VF.1,166721584,78882
09300aeb6e614248,tornadoblades_wind_02_r1.mat,Tiny.V0.1,167859332,78880
ea4061da67b6d44f,tornadoblades_light_03_r1.mat,Tiny.VE.1,165427832,75970
7cb13e60f5516fe5,tornadoblades_light_01_r1.mat,Tiny.V6.1,167269711,77612
1893941a5b650f6c,tornadoblades_light_04_r1.mat,Tiny.VD.1,168118716,76464
e2d149c78ac5f752,tornadoblades_light_02_r1.mat,Tiny.V2.1,169252706,77522
5424183e476cbfdc,tornadoblades_fire_01_r1.mat,Tiny.VF.1,166550326,85878
13854a144db13633,tornadoblades_fire_04_r1.mat,Tiny.V2.1,169167346,85360
55dbdab138b6d8e2,tornadoblades_fire_02_r1.mat,Tiny.V4.1,168664812,85904
39dfea6871c3368e,tornadoblades_fire_03_r1.mat,Tiny.V8.1,169583936,85410
18eca90a7e232099,tornadoblades_cold_04_r1.mat,Tiny.V8.1,169506398,77538
f7b61f2893a7711b,tornadoblades_cold_03_r1.mat,Tiny.VA.1,166520437,77046
2a8b5ca9ca24289e,tornadoblades_cold_02_r1.mat,Tiny.VC.1,171855621,77540
4c9fa02fe67470e3,tornadoblades_cold_01_r1.mat,Tiny.V8.1,169428792,77606
deb0c2490da5bcfb,windtornado_base_u.mat,Tiny.VA.1,166597483,3118
19d3efd7f08f4ac7,windtornado_base_wind_03_r.mat,Tiny.V0.1,167943940,40314
f3cd641025f880bf,windtornado_base_wind_01_r.mat,Tiny.V2.1,169330228,39290
248642e2b5affcfc,windtornado_base_wind_04_r.mat,Tiny.V9.1,169476915,40308
4087892fd149161c,windtornado_base_wind_02_r.mat,Tiny.VC.1,171933161,39802
e3786b3e8b742e44,windtornado_base_light_03_r.mat,Tiny.VE.1,165588962,38448
d0154eec1ec76eb8,windtornado_base_light_01_r.mat,Tiny.VE.1,165551538,37424
f52a36cff476a3c3,windtornado_base_light_04_r.mat,Tiny.V8.1,169669346,38444
7d9e250500b77770,windtornado_base_light_02_r.mat,Tiny.V4.1,168873804,38194
2c2b28bd5309a959,windtornado_base_fire_01_r.mat,Tiny.VB.1,167446987,47704
f54c71a9f93c8ce0,windtornado_base_fire_04_r.mat,Tiny.V4.1,168826128,47676
9df58749223db3bf,windtornado_base_fire_02_r.mat,Tiny.VE.1,165503802,47736
0ec6be40f06bebd2,windtornado_base_fire_03_r.mat,Tiny.VD.1,168241482,48250
3e86ed811a21ffff,windtornado_base_cold_04_r.mat,Tiny.V1.1,166971294,38472
3de42ae1a1125fec,windtornado_base_cold_03_r.mat,Tiny.V3.1,170940383,38474
fa15520015ab3141,windtornado_base_cold_02_r.mat,Tiny.V4.1,168788166,37962
0b4b299559f08d76,windtornado_base_cold_01_r.mat,Tiny.V4.1,168750716,37450
