hash,file,bundle,offset,size
c9b3cfee0faead98,build_up.mat,Tiny.V3.1,83809459,10804
66ef159097332b06,trail_albedo.mat,Tiny.VD.1,83147122,20498
20c6131f7afb7740,trail_blur.mat,Tiny.V9.1,87241654,15038
5f1c969f5b9dbaa3,lightning_trail_core.mat,Tiny.VC.1,85547191,14090
53293b391d639e9e,lightning_trail_bg.mat,Tiny.V6.1,84277425,23868
19566b2444511c63,lightning_trail_blur.mat,Tiny.VC.1,85532507,14684
