hash,file,bundle,offset,size
3fb0081acf6d5dd4,kingsguardint.ao,Tiny.VD.1,176127445,2432
35b94a2c72236c2e,kingsguardintb.ao,Tiny.V6.1,174032045,2136
ce6c8c5d5cfcffa7,kingsguarddrop.ao,Tiny.V3.1,178812551,828
07215289f9b2d5ec,kingsguarddex.ao,Tiny.V7.1,173410685,2148
f49306ce7bdc78bf,kingsguarddexint.ao,Tiny.V3.1,178810311,2240
78e8fa6095028ef9,kingsguardstr.ao,Tiny.V4.1,177494234,2542
92c651899471d9da,kingsguardstrint.ao,Tiny.VC.1,179779419,2240
25a371f1f262a5be,kingsguardstrdex.ao,Tiny.V5.1,175529378,2240
6b77911c57e60c21,kingsguardstrb.ao,Tiny.VD.1,176129877,2234
