hash,file,bundle,offset,size
8eb9c6468e419e2b,boneblast_marker.pet,Tiny.V1.1,121115868,5242
d10c544d267d8ae9,boneblast_apply.pet,Tiny.V3.1,123513308,17550
ab829510ba37da63,pinspikes.pet,Tiny.V1.1,121121110,16748
d1821e9ef69f880f,prepare_boneblast.pet,Tiny.VE.1,120061266,11662
