hash,file,bundle,offset,size
14d245004904eaec,shoopdawoop.amd,Tiny_6,85287345,94
d2e3ad2a51b502e0,shoopdawoop.ast,Tiny_6,85287439,3958
cecf70312af4f51f,act_blastoff.amd,Tiny_7,52703456,94
daa01f865455080a,act_blastoff.ast,Tiny_6,85286776,569
