hash,file,bundle,offset,size
d2cf3f134083cb6c,groundslam.ao,Tiny.V0.1,151685222,10914
c4d6f3e66833ae8d,shockwave.ao,Tiny.V8.1,153000100,2604
