hash,file,bundle,offset,size
e0010c65fe5372be,fireshotgun.ao,Tiny.V7.1,150413526,2054
3be270baf3da1024,burning_impact.ao,Tiny.VE.1,150989344,1582
f4488b1ca5829757,burning_arrow.ao,Tiny.V0.1,151744824,2398
c753a7dffe992eaf,exploding_impact.ao,Tiny.VA.1,152313472,2122
ff785a0883573d23,exploding_arrow.ao,Tiny.VE.1,150990926,3374
f1346933694bc9e0,exploding_arrow_stuck_ao_pass0.mat,Tiny.V9.1,174852654,538
05074c88ae0bcb7f,exploding_arrow_stuck.ao,Tiny.VA.1,152311810,1662
